# id	prec_1 [m/s]	prec_2 [m/s]	prec_3 [m/s]
M0-Z-1.0-60k	9.27	15.23	9.59
M0-Z-1.0-80k	6.18	10.18	6.40
M0-Z-1.0-100k	4.64	7.71	4.81
M0-Z-5.0-60k	14.05	22.94	14.52
M0-Z-5.0-80k	10.96	17.84	11.33
M0-Z-5.0-100k	9.28	15.11	9.59
M0-Z-10.0-60k	24.70	39.55	25.49
M0-Z-10.0-80k	20.56	32.87	21.22
M0-Z-10.0-100k	18.01	28.81	18.59
M0-Y-1.0-60k	9.06	10.84	9.17
M0-Y-1.0-80k	5.66	6.78	5.72
M0-Y-1.0-100k	4.00	4.80	4.05
M0-Y-5.0-60k	15.21	18.12	15.39
M0-Y-5.0-80k	11.51	13.71	11.64
M0-Y-5.0-100k	9.48	11.30	9.59
M0-Y-10.0-60k	30.85	36.84	31.22
M0-Y-10.0-80k	25.15	30.07	25.45
M0-Y-10.0-100k	21.53	25.74	21.79
M0-J-1.0-60k	14.67	38.75	15.48
M0-J-1.0-80k	9.85	25.17	10.38
M0-J-1.0-100k	7.40	18.57	7.79
M0-J-5.0-60k	21.87	61.04	23.13
M0-J-5.0-80k	17.07	46.96	18.04
M0-J-5.0-100k	14.42	39.55	15.24
M0-J-10.0-60k	37.90	120.35	40.28
M0-J-10.0-80k	31.53	99.14	33.50
M0-J-10.0-100k	27.58	86.31	29.31
M0-H-1.0-60k	6.85	10.90	6.99
M0-H-1.0-80k	4.88	7.76	4.98
M0-H-1.0-100k	3.87	6.15	3.95
M0-H-5.0-60k	9.81	15.56	10.03
M0-H-5.0-80k	7.71	12.22	7.88
M0-H-5.0-100k	6.52	10.32	6.67
M0-H-10.0-60k	17.20	27.08	17.60
M0-H-10.0-80k	14.29	22.47	14.63
M0-H-10.0-100k	12.48	19.59	12.78
M0-K-1.0-60k	9.83	43.68	10.51
M0-K-1.0-80k	6.70	30.18	7.17
M0-K-1.0-100k	5.18	23.37	5.54
M0-K-5.0-60k	15.13	63.85	16.18
M0-K-5.0-80k	11.69	49.92	12.50
M0-K-5.0-100k	9.85	42.35	10.53
M0-K-10.0-60k	28.06	113.23	30.00
M0-K-10.0-80k	23.25	93.65	24.86
M0-K-10.0-100k	20.33	81.48	21.75
M3-Z-1.0-60k	7.64	12.86	7.90
M3-Z-1.0-80k	4.80	8.15	4.98
M3-Z-1.0-100k	3.44	5.88	3.56
M3-Z-5.0-60k	12.45	20.57	12.87
M3-Z-5.0-80k	9.56	15.80	9.89
M3-Z-5.0-100k	8.01	13.29	8.29
M3-Z-10.0-60k	23.64	38.08	24.42
M3-Z-10.0-80k	19.52	31.40	20.17
M3-Z-10.0-100k	17.00	27.40	17.57
M3-Y-1.0-60k	7.84	9.38	7.93
M3-Y-1.0-80k	4.82	5.78	4.88
M3-Y-1.0-100k	3.38	4.05	3.42
M3-Y-5.0-60k	13.45	15.97	13.61
M3-Y-5.0-80k	10.13	12.04	10.25
M3-Y-5.0-100k	8.33	9.90	8.43
M3-Y-10.0-60k	27.78	33.01	28.10
M3-Y-10.0-80k	22.60	26.88	22.86
M3-Y-10.0-100k	19.32	22.98	19.55
M3-J-1.0-60k	13.99	35.52	14.76
M3-J-1.0-80k	9.10	22.35	9.58
M3-J-1.0-100k	6.67	16.01	7.01
M3-J-5.0-60k	21.70	57.81	22.93
M3-J-5.0-80k	16.80	44.24	17.75
M3-J-5.0-100k	14.13	37.10	14.92
M3-J-10.0-60k	39.19	115.52	41.62
M3-J-10.0-80k	32.50	94.88	34.49
M3-J-10.0-100k	28.35	82.41	30.10
M3-H-1.0-60k	7.17	11.64	7.34
M3-H-1.0-80k	5.12	8.33	5.24
M3-H-1.0-100k	4.06	6.61	4.15
M3-H-5.0-60k	10.12	16.30	10.36
M3-H-5.0-80k	7.97	12.84	8.16
M3-H-5.0-100k	6.77	10.88	6.93
M3-H-10.0-60k	17.35	27.82	17.78
M3-H-10.0-80k	14.43	23.09	14.78
M3-H-10.0-100k	12.62	20.15	12.93
M3-K-1.0-60k	9.23	33.69	9.84
M3-K-1.0-80k	6.23	22.76	6.64
M3-K-1.0-100k	4.78	17.38	5.09
M3-K-5.0-60k	14.28	50.94	15.23
M3-K-5.0-80k	11.01	39.51	11.74
M3-K-5.0-100k	9.28	33.36	9.89
M3-K-10.0-60k	26.82	91.81	28.61
M3-K-10.0-80k	22.20	76.04	23.68
M3-K-10.0-100k	19.40	66.21	20.70
M6-Z-1.0-60k	3.48	6.79	3.62
M6-Z-1.0-80k	2.12	4.17	2.21
M6-Z-1.0-100k	1.49	2.93	1.55
M6-Z-5.0-60k	5.93	11.39	6.17
M6-Z-5.0-80k	4.49	8.64	4.67
M6-Z-5.0-100k	3.74	7.20	3.89
M6-Z-10.0-60k	12.05	22.75	12.55
M6-Z-10.0-80k	9.85	18.56	10.26
M6-Z-10.0-100k	8.52	16.08	8.88
M6-Y-1.0-60k	5.19	6.61	5.27
M6-Y-1.0-80k	3.34	4.33	3.39
M6-Y-1.0-100k	2.39	3.14	2.43
M6-Y-5.0-60k	7.96	9.79	8.06
M6-Y-5.0-80k	6.17	7.64	6.25
M6-Y-5.0-100k	5.15	6.39	5.22
M6-Y-10.0-60k	13.47	16.11	13.63
M6-Y-10.0-80k	11.18	13.40	11.31
M6-Y-10.0-100k	9.66	11.59	9.78
M6-J-1.0-60k	8.09	21.54	8.57
M6-J-1.0-80k	5.12	13.44	5.42
M6-J-1.0-100k	3.68	9.56	3.89
M6-J-5.0-60k	12.96	34.76	13.74
M6-J-5.0-80k	9.97	26.65	10.57
M6-J-5.0-100k	8.35	22.30	8.85
M6-J-10.0-60k	23.80	63.11	25.21
M6-J-10.0-80k	19.73	52.26	20.90
M6-J-10.0-100k	17.20	45.59	18.22
M6-H-1.0-60k	6.10	11.81	6.31
M6-H-1.0-80k	4.14	8.01	4.29
M6-H-1.0-100k	3.16	6.12	3.28
M6-H-5.0-60k	9.22	17.84	9.54
M6-H-5.0-80k	7.14	13.76	7.39
M6-H-5.0-100k	6.03	11.60	6.24
M6-H-10.0-60k	16.90	33.30	17.49
M6-H-10.0-80k	13.94	27.42	14.44
M6-H-10.0-100k	12.18	23.91	12.62
M6-K-1.0-60k	5.88	19.64	6.27
M6-K-1.0-80k	3.93	13.22	4.20
M6-K-1.0-100k	2.99	10.06	3.19
M6-K-5.0-60k	9.12	29.66	9.72
M6-K-5.0-80k	7.03	22.98	7.49
M6-K-5.0-100k	5.92	19.40	6.31
M6-K-10.0-60k	17.23	53.36	18.37
M6-K-10.0-80k	14.26	44.28	15.20
M6-K-10.0-100k	12.46	38.67	13.29
M9-Z-1.0-60k	2.76	5.79	2.88
M9-Z-1.0-80k	1.69	3.56	1.77
M9-Z-1.0-100k	1.19	2.51	1.24
M9-Z-5.0-60k	4.67	9.65	4.88
M9-Z-5.0-80k	3.54	7.32	3.70
M9-Z-5.0-100k	2.94	6.10	3.08
M9-Z-10.0-60k	9.41	19.13	9.84
M9-Z-10.0-80k	7.68	15.60	8.03
M9-Z-10.0-100k	6.65	13.51	6.95
M9-Y-1.0-60k	4.07	5.36	4.13
M9-Y-1.0-80k	2.59	3.48	2.63
M9-Y-1.0-100k	1.84	2.50	1.87
M9-Y-5.0-60k	6.28	7.92	6.37
M9-Y-5.0-80k	4.87	6.19	4.94
M9-Y-5.0-100k	4.06	5.19	4.12
M9-Y-10.0-60k	10.47	12.68	10.60
M9-Y-10.0-80k	8.70	10.57	8.81
M9-Y-10.0-100k	7.53	9.15	7.62
M9-J-1.0-60k	5.89	15.91	6.23
M9-J-1.0-80k	3.69	9.79	3.90
M9-J-1.0-100k	2.64	6.91	2.78
M9-J-5.0-60k	9.56	26.03	10.14
M9-J-5.0-80k	7.33	19.90	7.77
M9-J-5.0-100k	6.13	16.62	6.50
M9-J-10.0-60k	17.76	46.79	18.79
M9-J-10.0-80k	14.71	38.76	15.57
M9-J-10.0-100k	12.82	33.82	13.57
M9-H-1.0-60k	4.90	9.70	5.08
M9-H-1.0-80k	3.31	6.53	3.43
M9-H-1.0-100k	2.52	4.96	2.62
M9-H-5.0-60k	7.44	14.84	7.71
M9-H-5.0-80k	5.76	11.41	5.96
M9-H-5.0-100k	4.86	9.60	5.04
M9-H-10.0-60k	13.70	28.15	14.21
M9-H-10.0-80k	11.30	23.15	11.72
M9-H-10.0-100k	9.88	20.19	10.25
M9-K-1.0-60k	4.63	15.26	4.94
M9-K-1.0-80k	3.09	10.16	3.29
M9-K-1.0-100k	2.34	7.67	2.50
M9-K-5.0-60k	7.18	23.32	7.66
M9-K-5.0-80k	5.53	18.03	5.90
M9-K-5.0-100k	4.66	15.20	4.98
M9-K-10.0-60k	13.47	42.16	14.37
M9-K-10.0-80k	11.15	34.99	11.90
M9-K-10.0-100k	9.75	30.57	10.40
