# id	prec_1	prec_2	prec_3
M0-Z-1.0-60k	8.9442553	14.6927593	9.2518564
M0-Z-1.0-80k	5.9634041	9.8199524	6.1743884
M0-Z-1.0-100k	4.4818210	7.4444165	4.6448772
M0-Z-5.0-60k	13.5614219	22.1395888	14.0130084
M0-Z-5.0-80k	10.5794370	17.2240049	10.9336402
M0-Z-5.0-100k	8.9545022	14.5881528	9.2557736
M0-Z-10.0-60k	23.8571795	38.1953139	24.6175121
M0-Z-10.0-80k	19.8614711	31.7434591	20.4968602
M0-Z-10.0-100k	17.4007353	27.8331288	17.9588638
M0-Y-1.0-60k	8.7040047	10.4154095	8.8039194
M0-Y-1.0-80k	5.4329225	6.5123892	5.4945659
M0-Y-1.0-100k	3.8435542	4.6132878	3.8868294
M0-Y-5.0-60k	14.6116744	17.4079795	14.7830541
M0-Y-5.0-80k	11.0542124	13.1724880	11.1840566
M0-Y-5.0-100k	9.1082863	10.8534907	9.2150639
M0-Y-10.0-60k	29.6336629	35.3925779	29.9886748
M0-Y-10.0-80k	24.1547023	28.8808016	24.4447391
M0-Y-10.0-100k	20.6859975	24.7239575	20.9337955
M0-J-1.0-60k	14.5726188	38.4824294	15.3686356
M0-J-1.0-80k	9.8130374	25.0698708	10.3342695
M0-J-1.0-100k	7.3806081	18.5149997	7.7677064
M0-J-5.0-60k	21.6353638	60.3861014	22.8824271
M0-J-5.0-80k	16.8996768	46.5010842	17.8662275
M0-J-5.0-100k	14.2840111	39.1701751	15.0974734
M0-J-10.0-60k	37.3476583	118.6083634	39.6999514
M0-J-10.0-80k	31.0731358	97.6930138	33.0133337
M0-J-10.0-100k	27.1784563	85.0391102	28.8749211
M0-H-1.0-60k	6.7407751	10.7293157	6.8822249
M0-H-1.0-80k	4.7738551	7.5869182	4.8706949
M0-H-1.0-100k	3.7914694	6.0194570	3.8672190
M0-H-5.0-60k	9.6791080	15.3501913	9.8972630
M0-H-5.0-80k	7.5697914	12.0035545	7.7376181
M0-H-5.0-100k	6.4178031	10.1545191	6.5594408
M0-H-10.0-60k	16.9771652	26.7310672	17.3793045
M0-H-10.0-80k	14.0977176	22.1592111	14.4319923
M0-H-10.0-100k	12.3237127	19.3417483	12.6148316
M0-K-1.0-60k	13.4339568	59.6852994	14.3659071
M0-K-1.0-80k	9.1640276	41.2615616	9.8000883
M0-K-1.0-100k	7.0819473	31.9535539	7.5731955
M0-K-5.0-60k	20.6640745	87.1912503	22.0930972
M0-K-5.0-80k	15.9704885	68.1882368	17.0721232
M0-K-5.0-100k	13.4594884	57.8580335	14.3890661
M0-K-10.0-60k	38.2967052	154.5120258	40.9355660
M0-K-10.0-80k	31.7298384	127.7942642	33.9297075
M0-K-10.0-100k	27.7472961	111.1934716	29.6785118
M3-Z-1.0-60k	7.6566755	12.8969938	7.9236723
M3-Z-1.0-80k	4.8204966	8.1750628	4.9927836
M3-Z-1.0-100k	3.4524939	5.9091504	3.5784372
M3-Z-5.0-60k	12.4928689	20.6454033	12.9211485
M3-Z-5.0-80k	9.5962041	15.8648819	9.9255723
M3-Z-5.0-100k	8.0478963	13.3422083	8.3246631
M3-Z-10.0-60k	23.7674302	38.2878787	24.5555243
M3-Z-10.0-80k	19.6375327	31.5901261	20.2918123
M3-Z-10.0-100k	17.1136489	27.5751394	17.6855847
M3-Y-1.0-60k	7.6055479	9.0894315	7.6930439
M3-Y-1.0-80k	4.6774433	5.6017872	4.7309163
M3-Y-1.0-100k	3.2746168	3.9266092	3.3119141
M3-Y-5.0-60k	13.0361926	15.4783553	13.1874031
M3-Y-5.0-80k	9.8228643	11.6730583	9.9375527
M3-Y-5.0-100k	8.0734600	9.5956245	8.1677484
M3-Y-10.0-60k	26.9201732	31.9882865	27.2304368
M3-Y-10.0-80k	21.8972917	26.0481125	22.1500030
M3-Y-10.0-100k	18.7237210	22.2674794	18.9395781
M3-J-1.0-60k	13.8522115	35.1591867	14.6046401
M3-J-1.0-80k	9.0474683	22.2119300	9.5262782
M3-J-1.0-100k	6.6371170	15.9453250	6.9820168
M3-J-5.0-60k	21.3628613	56.9202711	22.5811610
M3-J-5.0-80k	16.5625180	43.6136385	17.4997610
M3-J-5.0-100k	13.9339773	36.5897731	14.7182225
M3-J-10.0-60k	38.3779920	113.1306950	40.7610717
M3-J-10.0-80k	31.8176509	92.9006259	33.7740358
M3-J-10.0-100k	27.7614427	80.6862734	29.4658210
M3-H-1.0-60k	7.2185142	11.7150880	7.3860221
M3-H-1.0-80k	5.1380140	8.3517397	5.2559717
M3-H-1.0-100k	4.0790117	6.6383892	4.1728138
M3-H-5.0-60k	10.1822065	16.4071592	10.4276662
M3-H-5.0-80k	8.0042560	12.8931212	8.1948022
M3-H-5.0-100k	6.8039425	10.9368810	6.9653256
M3-H-10.0-60k	17.4335047	27.9531449	17.8653796
M3-H-10.0-80k	14.4956119	23.2014596	14.8552273
M3-H-10.0-100k	12.6796915	20.2563554	12.9931137
M3-K-1.0-60k	12.4949221	45.6368578	13.3216786
M3-K-1.0-80k	8.4511277	30.8847897	9.0096761
M3-K-1.0-100k	6.4827960	23.5873116	6.9112493
M3-K-5.0-60k	19.3010201	68.8454911	20.5808079
M3-K-5.0-80k	14.8987162	53.4595325	15.8841450
M3-K-5.0-100k	12.5546412	45.1490469	13.3853156
M3-K-10.0-60k	36.1312173	123.6755010	38.5462963
M3-K-10.0-80k	29.8985490	102.4181744	31.9016001
M3-K-10.0-100k	26.1331978	89.1719705	27.8853970
M6-Z-1.0-60k	3.8750750	7.5679676	4.0321474
M6-Z-1.0-80k	2.3734917	4.6540279	2.4706488
M6-Z-1.0-100k	1.6676469	3.2879009	1.7364242
M6-Z-5.0-60k	6.8744949	13.1993411	7.1527333
M6-Z-5.0-80k	5.2171062	10.0330470	5.4274907
M6-Z-5.0-100k	4.3459683	8.3771773	4.5209712
M6-Z-10.0-60k	14.3631106	27.1062597	14.9565830
M6-Z-10.0-80k	11.7682051	22.1754296	12.2550347
M6-Z-10.0-100k	10.2007900	19.2489976	10.6231829
M6-Y-1.0-60k	5.2419724	6.6743577	5.3156429
M6-Y-1.0-80k	3.3746841	4.3764390	3.4235999
M6-Y-1.0-100k	2.4203974	3.1689125	2.4561774
M6-Y-5.0-60k	8.3177765	10.2297926	8.4259091
M6-Y-5.0-80k	6.4466199	7.9856441	6.5326721
M6-Y-5.0-100k	5.3786053	6.6819178	5.4511021
M6-Y-10.0-60k	14.3990213	17.2166426	14.5688109
M6-Y-10.0-80k	11.9463348	14.3186818	12.0881754
M6-Y-10.0-100k	10.3304399	12.3894628	10.4534623
M6-J-1.0-60k	7.8710325	20.9405781	8.3309774
M6-J-1.0-80k	5.0424958	13.2258202	5.3311787
M6-J-1.0-100k	3.6447375	9.4571551	3.8511954
M6-J-5.0-60k	12.8738267	34.5341661	13.6466691
M6-J-5.0-80k	9.9419174	26.5743439	10.5378053
M6-J-5.0-100k	8.3397407	22.2756337	8.8391008
M6-J-10.0-60k	23.8029899	63.1142482	25.2086838
M6-J-10.0-80k	19.7303001	52.2585225	20.8948807
M6-J-10.0-100k	17.2008237	45.5884587	18.2164967
M6-H-1.0-60k	6.0238354	11.6642436	6.2364236
M6-H-1.0-80k	4.0943916	7.9238592	4.2400208
M6-H-1.0-100k	3.1365944	6.0654576	3.2485478
M6-H-5.0-60k	9.4011635	18.1908077	9.7304284
M6-H-5.0-80k	7.3050659	14.0788098	7.5604755
M6-H-5.0-100k	6.1725218	11.8629646	6.3877795
M6-H-10.0-60k	17.4844296	34.4609272	18.1035847
M6-H-10.0-80k	14.4659742	28.4511472	14.9817424
M6-H-10.0-100k	12.6299747	24.7837405	13.0807886
M6-K-1.0-60k	7.4118588	24.7464271	7.9034430
M6-K-1.0-80k	4.9839998	16.7508244	5.3147231
M6-K-1.0-100k	3.7958630	12.7725818	4.0484148
M6-K-5.0-60k	11.8400133	38.5188310	12.6247279
M6-K-5.0-80k	9.1464099	29.9129795	9.7531908
M6-K-5.0-100k	7.7116215	25.2711173	8.2235628
M6-K-10.0-60k	22.6932399	70.2798254	24.2025131
M6-K-10.0-80k	18.7742958	58.3105877	20.0219657
M6-K-10.0-100k	16.4029257	50.9113830	17.4911851
M9-Z-1.0-60k	3.2540254	6.8245299	3.3992355
M9-Z-1.0-80k	2.0048669	4.2178934	2.0953018
M9-Z-1.0-100k	1.4145168	2.9894064	1.4788805
M9-Z-5.0-60k	5.8235972	12.0238092	6.0829121
M9-Z-5.0-80k	4.4244671	9.1518345	4.6205858
M9-Z-5.0-100k	3.6880820	7.6445719	3.8512462
M9-Z-10.0-60k	12.1559981	24.7268673	12.7127235
M9-Z-10.0-80k	9.9666647	20.2359223	10.4234062
M9-Z-10.0-100k	8.6440122	17.5716964	9.0404738
M9-Y-1.0-60k	4.2434544	5.5889110	4.3090356
M9-Y-1.0-80k	2.6985670	3.6314253	2.7416702
M9-Y-1.0-100k	1.9183884	2.6082189	1.9496368
M9-Y-5.0-60k	6.9011157	8.6949443	6.9978017
M9-Y-5.0-80k	5.3420251	6.7961960	5.4193458
M9-Y-5.0-100k	4.4564948	5.6922512	4.5217835
M9-Y-10.0-60k	11.8665893	14.3694568	12.0117879
M9-Y-10.0-80k	9.8583207	11.9764290	9.9801163
M9-Y-10.0-100k	8.5321119	10.3742924	8.6379408
M9-J-1.0-60k	5.6577767	15.2819144	5.9895739
M9-J-1.0-80k	3.6041999	9.5704313	3.8101857
M9-J-1.0-100k	2.5948701	6.8035311	2.7414371
M9-J-5.0-60k	9.4807357	25.8228887	10.0550683
M9-J-5.0-80k	7.3075631	19.8374171	7.7488383
M9-J-5.0-100k	6.1230074	16.6072360	6.4923425
M9-J-10.0-60k	17.7628171	46.7981880	18.7956318
M9-J-10.0-80k	14.7130994	38.7604445	15.5704280
M9-J-10.0-100k	12.8229428	33.8267124	13.5708302
M9-H-1.0-60k	4.6608632	9.2292113	4.8309984
M9-H-1.0-80k	3.1589449	6.2324393	3.2750194
M9-H-1.0-100k	2.4127820	4.7437476	2.5016220
M9-H-5.0-60k	7.4232675	14.8014242	7.6933569
M9-H-5.0-80k	5.7654475	11.4298263	5.9746388
M9-H-5.0-100k	4.8696351	9.6166596	5.0457875
M9-H-10.0-60k	13.9385766	28.6492741	14.4564615
M9-H-10.0-80k	11.5332491	23.6345361	11.9647027
M9-H-10.0-100k	10.0719798	20.5877279	10.4494144
M9-K-1.0-60k	5.5428643	18.2560885	5.9139299
M9-K-1.0-80k	3.7211010	12.2473629	3.9695919
M9-K-1.0-100k	2.8248998	9.2593261	3.0135802
M9-K-5.0-60k	8.9662390	29.1315520	9.5678213
M9-K-5.0-80k	6.9378262	22.6053975	7.4038609
M9-K-5.0-100k	5.8531283	19.0807257	6.2464915
M9-K-10.0-60k	17.1433695	53.6609584	18.2927979
M9-K-10.0-80k	14.1963928	44.5275568	15.1471925
M9-K-10.0-100k	12.4086152	38.8915633	13.2379685
