# id	prec_1	prec_2	prec_3
M0-Z-1.0-60k	9.0070428	14.7959007	9.3168033
M0-Z-1.0-80k	5.9881847	9.8607586	6.2000456
M0-Z-1.0-100k	4.4950628	7.4664114	4.6586007
M0-Z-5.0-60k	13.7075418	22.3781357	14.1639940
M0-Z-5.0-80k	10.6845487	17.3951335	11.0422710
M0-Z-5.0-100k	9.0405382	14.7283176	9.3447043
M0-Z-10.0-60k	24.2070186	38.7554058	24.9785006
M0-Z-10.0-80k	20.1563059	32.2146767	20.8011270
M0-Z-10.0-100k	17.6602874	28.2482921	18.2267411
M0-Y-1.0-60k	8.7651057	10.4885244	8.8657219
M0-Y-1.0-80k	5.4554987	6.5394510	5.5173982
M0-Y-1.0-100k	3.8549101	4.6269180	3.8983132
M0-Y-5.0-60k	14.7691104	17.5955448	14.9423367
M0-Y-5.0-80k	11.1640411	13.3033628	11.2951755
M0-Y-5.0-100k	9.1957998	10.9577724	9.3036034
M0-Y-10.0-60k	30.0682077	35.9115708	30.4284255
M0-Y-10.0-80k	24.5132682	29.3095244	24.8076105
M0-Y-10.0-100k	20.9945531	25.0927439	21.2460473
M0-J-1.0-60k	14.6749167	38.7525713	15.4765215
M0-J-1.0-80k	9.8538149	25.1740470	10.3772129
M0-J-1.0-100k	7.4024145	18.5697033	7.7906565
M0-J-5.0-60k	21.8684778	61.0367420	23.1289778
M0-J-5.0-80k	17.0675830	46.9630942	18.0437368
M0-J-5.0-100k	14.4212537	39.5465271	15.2425319
M0-J-10.0-60k	37.8953203	120.3476234	40.2821071
M0-J-10.0-80k	31.5344028	99.1432234	33.5034021
M0-J-10.0-100k	27.5838544	86.3075668	29.3056239
M0-H-1.0-60k	6.7880945	10.8046342	6.9305372
M0-H-1.0-80k	4.7936925	7.6184451	4.8909347
M0-H-1.0-100k	3.8026715	6.0372418	3.8786449
M0-H-5.0-60k	9.7833972	15.5155846	10.0039028
M0-H-5.0-80k	7.6450008	12.1228154	7.8144950
M0-H-5.0-100k	6.4794662	10.2520851	6.6224647
M0-H-10.0-60k	17.2261165	27.1230486	17.6341527
M0-H-10.0-80k	14.3069920	22.4881548	14.6462288
M0-H-10.0-100k	12.5075351	19.6302528	12.8029964
M0-K-1.0-60k	13.5282615	60.1042828	14.4667540
M0-K-1.0-80k	9.2021082	41.4330214	9.8408119
M0-K-1.0-100k	7.1028713	32.0479623	7.5955709
M0-K-5.0-60k	20.8867232	88.1307077	22.3311432
M0-K-5.0-80k	16.1291628	68.8657189	17.2417428
M0-K-5.0-100k	13.5888089	58.4139409	14.5273181
M0-K-10.0-60k	38.8582839	156.7777732	41.5358407
M0-K-10.0-80k	32.2008539	129.6913136	34.4333790
M0-K-10.0-100k	28.1611791	112.8520508	30.1212012
M3-Z-1.0-60k	7.7355214	13.0298029	8.0052677
M3-Z-1.0-80k	4.8496129	8.2244411	5.0229407
M3-Z-1.0-100k	3.4670437	5.9340532	3.5935177
M3-Z-5.0-60k	12.6877009	20.9673778	13.1226597
M3-Z-5.0-80k	9.7339844	16.0926666	10.0680816
M3-Z-5.0-100k	8.1593727	13.5270196	8.4399732
M3-Z-10.0-60k	24.2692389	39.0962620	25.0739723
M3-Z-10.0-80k	20.0559965	32.2632923	20.7242184
M3-Z-10.0-100k	17.4794711	28.1645869	18.0636326
M3-Y-1.0-60k	7.6838673	9.1830315	7.7722643
M3-Y-1.0-80k	4.7056956	5.6356226	4.7594916
M3-Y-1.0-100k	3.2884170	3.9431570	3.3258714
M3-Y-5.0-60k	13.2394980	15.7197474	13.3930667
M3-Y-5.0-80k	9.9638990	11.8406576	10.0802340
M3-Y-5.0-100k	8.1852906	9.7285395	8.2808850
M3-Y-10.0-60k	27.4885467	32.6636646	27.8053610
M3-Y-10.0-80k	22.3639095	26.6031818	22.6220060
M3-Y-10.0-100k	19.1239602	22.7434701	19.3444315
M3-J-1.0-60k	13.9948571	35.5212447	14.7550339
M3-J-1.0-80k	9.1021161	22.3460928	9.5838181
M3-J-1.0-100k	6.6650876	16.0125230	7.0114410
M3-J-5.0-60k	21.6960249	57.8079688	22.9333246
M3-J-5.0-80k	16.8003192	44.2398341	17.7510190
M3-J-5.0-100k	14.1269856	37.0966009	14.9220938
M3-J-10.0-60k	39.1882778	115.5192566	41.6216722
M3-J-10.0-80k	32.4956655	94.8802812	34.4937398
M3-J-10.0-100k	28.3548727	82.4110271	30.0956838
M3-H-1.0-60k	7.2928481	11.8357262	7.4620810
M3-H-1.0-80k	5.1690482	8.4021853	5.2877184
M3-H-1.0-100k	4.0962018	6.6663652	4.1903992
M3-H-5.0-60k	10.3410027	16.6630364	10.5902904
M3-H-5.0-80k	8.1191795	13.0782379	8.3124615
M3-H-5.0-100k	6.8981881	11.0883746	7.0618067
M3-H-10.0-60k	17.8015834	28.5433279	18.2425766
M3-H-10.0-80k	14.8045045	23.6958685	15.1717831
M3-H-10.0-100k	12.9507332	20.6893563	13.2708552
M3-K-1.0-60k	12.6235908	46.1068114	13.4588610
M3-K-1.0-80k	8.5021736	31.0713376	9.0640957
M3-K-1.0-100k	6.5101163	23.6867151	6.9403753
M3-K-5.0-60k	19.6020283	69.9191681	20.9017750
M3-K-5.0-80k	15.1126289	54.2270934	16.1122063
M3-K-5.0-100k	12.7285434	45.7744346	13.5707240
M3-K-10.0-60k	36.8940663	126.2866982	39.3601356
M3-K-10.0-80k	30.5356687	104.6006428	32.5814036
M3-K-10.0-100k	26.6918223	91.0781149	28.4814766
M6-Z-1.0-60k	3.9851192	7.7828824	4.1466521
M6-Z-1.0-80k	2.4112942	4.7281524	2.5099987
M6-Z-1.0-100k	1.6851496	3.3224088	1.7546487
M6-Z-5.0-60k	6.9198392	13.2864041	7.1999128
M6-Z-5.0-80k	5.2321418	10.0619621	5.4431326
M6-Z-5.0-100k	4.3514484	8.3877406	4.5266720
M6-Z-10.0-60k	14.3618000	27.1037863	14.9552182
M6-Z-10.0-80k	11.7690449	22.1770120	12.2559092
M6-Z-10.0-100k	10.2012108	19.2497917	10.6236212
M6-Y-1.0-60k	5.3908337	6.8638958	5.4665962
M6-Y-1.0-80k	3.4284325	4.4461424	3.4781274
M6-Y-1.0-100k	2.4458005	3.2021716	2.4819561
M6-Y-5.0-60k	8.3726407	10.2972684	8.4814865
M6-Y-5.0-80k	6.4651990	8.0086587	6.5514992
M6-Y-5.0-100k	5.3853875	6.6903434	5.4579757
M6-Y-10.0-60k	14.3977074	17.2150716	14.5674815
M6-Y-10.0-80k	11.9471873	14.3197035	12.0890380
M6-Y-10.0-100k	10.3308660	12.3899739	10.4538935
M6-J-1.0-60k	8.0945537	21.5352475	8.5675600
M6-J-1.0-80k	5.1228074	13.4364673	5.4160882
M6-J-1.0-100k	3.6829906	9.5564120	3.8916154
M6-J-5.0-60k	12.9587426	34.7619538	13.7366827
M6-J-5.0-80k	9.9705699	26.6509309	10.5681751
M6-J-5.0-100k	8.3502567	22.3037223	8.8502465
M6-J-10.0-60k	23.8008179	63.1084890	25.2063835
M6-J-10.0-80k	19.7317080	52.2622516	20.8963717
M6-J-10.0-100k	17.2015333	45.5903393	18.2172482
M6-H-1.0-60k	6.1949000	11.9954842	6.4135252
M6-H-1.0-80k	4.1596028	8.0500621	4.3075515
M6-H-1.0-100k	3.1695143	6.1291172	3.2826427
M6-H-5.0-60k	9.4631737	18.3107945	9.7946104
M6-H-5.0-80k	7.3261190	14.1193847	7.5822647
M6-H-5.0-100k	6.1803051	11.8779233	6.3958343
M6-H-10.0-60k	17.4828341	34.4577826	18.1019327
M6-H-10.0-80k	14.4670065	28.4531775	14.9828115
M6-H-10.0-100k	12.6304957	24.7847629	13.0813282
M6-K-1.0-60k	7.6223404	25.4491748	8.1278845
M6-K-1.0-80k	5.0633797	17.0176140	5.3993705
M6-K-1.0-100k	3.8357022	12.9066356	4.0909047
M6-K-5.0-60k	11.9181101	38.7729017	12.7080008
M6-K-5.0-80k	9.1727697	29.9991883	9.7812994
M6-K-5.0-100k	7.7213456	25.3029830	8.2339324
M6-K-10.0-60k	22.6911692	70.2734124	24.2003046
M6-K-10.0-80k	18.7756355	58.3147487	20.0233944
M6-K-10.0-100k	16.4036023	50.9134831	17.4919066
M9-Z-1.0-60k	3.3868844	7.1031695	3.5380233
M9-Z-1.0-80k	2.0515769	4.3161633	2.1441189
M9-Z-1.0-100k	1.4367780	3.0364528	1.5021547
M9-Z-5.0-60k	5.8709978	12.1216757	6.1324233
M9-Z-5.0-80k	4.4380415	9.1799126	4.6347619
M9-Z-5.0-100k	3.6911567	7.6509450	3.8544569
M9-Z-10.0-60k	12.1527543	24.7202690	12.7093311
M9-Z-10.0-80k	9.9662636	20.2351077	10.4229866
M9-Z-10.0-100k	8.6433331	17.5703158	9.0397636
M9-Y-1.0-60k	4.4167109	5.8171013	4.4849697
M9-Y-1.0-80k	2.7614391	3.7160314	2.8055465
M9-Y-1.0-100k	1.9485794	2.6492662	1.9803196
M9-Y-5.0-60k	6.9572866	8.7657159	7.0547596
M9-Y-5.0-80k	5.3584146	6.8170469	5.4359725
M9-Y-5.0-100k	4.4602101	5.6969967	4.5255532
M9-Y-10.0-60k	11.8634227	14.3656223	12.0085826
M9-Y-10.0-80k	9.8579239	11.9759469	9.9797146
M9-Y-10.0-100k	8.5314416	10.3734774	8.6372621
M9-J-1.0-60k	5.8887787	15.9058615	6.2341230
M9-J-1.0-80k	3.6881717	9.7934063	3.8989566
M9-J-1.0-100k	2.6357073	6.9106030	2.7845810
M9-J-5.0-60k	9.5579032	26.0330714	10.1369105
M9-J-5.0-80k	7.3299829	19.8982789	7.7726120
M9-J-5.0-100k	6.1281121	16.6210812	6.4977550
M9-J-10.0-60k	17.7580771	46.7857000	18.7906162
M9-J-10.0-80k	14.7125072	38.7588843	15.5698013
M9-J-10.0-100k	12.8219354	33.8240548	13.5697640
M9-H-1.0-60k	4.8511622	9.6060319	5.0282438
M9-H-1.0-80k	3.2325430	6.3776447	3.3513218
M9-H-1.0-100k	2.4507536	4.8184033	2.5409917
M9-H-5.0-60k	7.4836884	14.9218989	7.7559761
M9-H-5.0-80k	5.7831360	11.4648933	5.9929692
M9-H-5.0-100k	4.8736948	9.6246769	5.0499941
M9-H-10.0-60k	13.9348572	28.6416291	14.4526038
M9-H-10.0-80k	11.5327848	23.6335848	11.9642211
M9-H-10.0-100k	10.0711885	20.5861104	10.4485934
M9-K-1.0-60k	5.7691746	19.0014685	6.1553904
M9-K-1.0-80k	3.8077964	12.5327060	4.0620768
M9-K-1.0-100k	2.8693572	9.4050466	3.0610070
M9-K-5.0-60k	9.0392188	29.3686653	9.6456976
M9-K-5.0-80k	6.9591116	22.6747515	7.4265762
M9-K-5.0-100k	5.8580080	19.0966331	6.2516991
M9-K-10.0-60k	17.1387948	53.6466391	18.2879165
M9-K-10.0-80k	14.1958214	44.5257644	15.1465827
M9-K-10.0-100k	12.4076403	38.8885078	13.2369284
